12
6
1
0
7
4
5
9
8
2
-8
9
-5
-14
5
5
3
9
19
14
10
12
0
-1
0
-2
16
5
7
-1
-4
5
3
-3
-11
13
12
-8
1
-16
-22
-21
-10
-1
-9
2
-2
25
55
110
118
101
63
22
-6
-32
-31
-14
-5
-5
13
9
18
18
7
18
38
31
31
38
40
32
36
24
24
21
22
29
17
5
-3
1
13
6
-5
9
-4
0
-4
0
-4
-4
-5
12
-12
6
-3
3
6
-9
5
-2
-6
0
-1
2
2
-2
5
2
8
9
-3
-2
7
12
8
0
1
10
-7
-2
-5
9
-8
-3
0
2
-2
-6
-2
-2
-7
-8
1
4
3
0
-4
-10
-6
-4
-2
1
1
5
2
-9
5
-7
-3
-5
4
-11
4
-5
-5
-8
-5
-8
-6
7
-1
-7
7
3
2
-4
4
-4
-5
-4
-3
3
5
-12
-3
-9
8
11
-2
8
8
9
15
15
13
8
20
4
7
4
10
10
9
9
-8
2
0
-4
1
-2
-8
-6
-9
-15
-17
-17
-18
-14
-8
4
8
3
38
73
107
122
81
38
11
-24
-30
-36
-28
-9
5
6
25
14
13
26
30
24
32
28
34
35
48
38
24
18
19
22
27
9
8
-3
12
7
8
6
-12
7
0
-4
-3
7
12
6
11
-3
-9
-2
-7
-7
-2
-9
-6
-1
1
-5
-2
0
-2
4
-6
3
9
10
-3
3
-6
3
-10
-11
-6
-11
3
0
6
2
4
-6
5
0
-4
7
5
-1
2
-2
-5
1
-2
-2
2
-3
-2
10
-14
-5
-8
12
-2
10
1
0
-7
-7
0
-4
13
-7
9
3
-2
-6
-5
-4
-8
9
-5
-7
0
0
-8
-3
1
8
-2
6
-10
-2
1
-14
3
-1
-3
13
10
5
9
3
6
19
21
12
1
5
-1
-3
7
12
2
6
-4
-2
-2
8
-4
-5
-8
-20
-22
-11
-7
-4
6
4
23
39
89
112
113
68
36
10
-18
-27
-20
-8
0
-4
7
0
14
25
26
42
30
38
36
31
37
32
27
26
25
38
15
10
7
9
13
-3
-12
1
7
-14
5
8
1
-12
0
3
5
4
4
7
-7
6
-11
0
2
7
-6
1
8
2
5
0
-4
6
4
7
-3
0
6
-7
3
3
9
12
8
-7
-10
-8
4
-3
-7
-1
-1
-8
0
-7
-5
6
-3
-4
9
6
3
2
-6
-4
5
0
-3
13
-4
-4
-3
-15
3
6
3
-7
-8
5
-4
7
-7
3
-6
-3
-4
8
5
1
8
-6
-10
3
0
0
-6
4
3
-8
0
8
0
14
3
3
-1
9
14
23
7
10
11
11
9
14
7
-2
16
-3
3
9
10
-6
-1
-5
-1
-3
-15
-12
-16
-15
-9
-4
-14
-6
2
27
62
100
126
104
66
23
-2
-17
-28
-15
-11
5
6
13
8
22
6
21
42
42
35
30
33
32
38
42
28
24
20
25
12
12
2
10
-4
5
-4
20
2
-5
-1
8
0
-10
5
-1
-6
9
1
-7
10
7
-8
1
5
-5
2
-1
-1
-6
8
3
0
1
9
-1
-4
2
6
-2
-8
-10
-7
9
6
-7
-1
2
-4
2
-4
-7
-6
4
-3
-2
0
-6
-3
4
6
0
1
-5
-3
-2
3
-2
7
-6
2
-4
0
1
-13
-1
-4
12
6
-1
-4
-1
1
6
-1
5
-2
7
-3
-7
7
6
-3
-4
8
-2
1
7
0
-6
-1
8
-2
10
4
1
4
16
14
14
2
17
7
8
12
-5
4
-7
-11
8
1
3
-6
2
-5
2
-8
-7
0
-13
-15
-6
-10
1
9
19
32
78
115
120
85
42
13
-12
-28
-24
-12
-4
6
16
8
17
21
21
25
30
28
44
36
32
34
43
20
31
29
24
7
23
8
9
1
3
-6
-1
-4
-1
2
1
6
1
-17
-3
7
6
12
-5
8
1
4
2
3
1
-3
-15
-8
-9
-3
-15
2
6
-9
-1
-3
-3
5
-1
-3
-7
1
2
1
2
4
6
-4
1
3
0
2
-6
4
-3
-1
12
-1
2
-15
5
10
-7
-1
-5
-12
-8
0
0
4
-2
-2
10
-4
-5
3
3
0
0
-4
7
1
5
7
4
-13
7
-3
1
1
-10
9
2
4
-1
3
0
-2
7
0
-6
5
-2
0
2
15
11
5
10
16
10
6
-6
-2
3
-9
-2
-3
-4
-6
5
-10
4
-2
-2
3
-2
7
-26
-12
-2
1
1
5
-12
23
50
96
118
114
75
25
15
-28
-28
-30
-7
0
-7
18
8
7
15
27
25
14
43
34
43
43
38
33
38
17
18
10
12
2
17
7
8
7
12
-3
-8
-6
4
1
2
1
-2
-11
1
10
-7
6
8
-5
0
2
7
7
1
1
-3
1
-11
3
14
7
-9
8
-10
8
0
-9
-7
1
6
-5
-7
-4
5
5
0
9
-1
4
-6
2
1
-3
-2
4
6
-7
-3
8
4
12
-2
-1
-1
-1
7
6
25
8
-13
-4
2
-4
-2
-1
-3
-11
0
-6
2
-15
1
-1
2
-3
-7
-1
1
-5
-7
-3
-10
-11
-12
2
1
1
20
4
6
2
-5
14
16
13
-1
16
14
23
9
2
-1
1
-1
8
14
-7
-1
-1
-11
1
-3
-4
5
-3
-19
-13
-17
-11
-2
-6
-1
4
24
60
115
127
100
66
28
3
-21
-37
-17
-5
-4
19
8
19
11
29
23
25
37
33
47
48
37
50
28
23
17
13
20
11
15
10
2
1
-3
3
0
6
-18
11
-7
5
-11
4
-7
14
0
1
-5
-2
0
0
-1
-8
-7
3
3
-5
11
0
9
-4
10
2
4
-8
1
11
0
0
6
4
-1
2
5
0
-6
7
1
0
7
-11
7
1
3
6
-10
12
-1
-14
-10
8
1
0
2
-6
2
-3
2
10
4
9
7
1
-1
4
-7
-1
3
3
-4
1
0
-7
-6
-3
7
4
8
5
2
0
1
8
2
6
0
-13
-2
1
-3
2
-6
1
2
8
14
15
19
18
7
17
6
-2
-3
-4
-7
8
-1
6
-3
9
2
-6
4
1
-19
-25
-17
-16
-8
4
2
9
14
44
73
114
120
91
40
17
-14
-31
-12
-23
-17
3
3
22
18
20
20
26
19
29
42
29
32
39
36
36
33
21
34
15
18
9
8
-4
6
0
-8
3
-14
3
6
-4
3
2
-4
1
-7
4
6
0
-3
12
-11
9
5
7
8
-15
3
0
0
-4
-10
-6
2
0
4
5
-7
0
3
-5
9
5
-2
1
4
-4
-12
3
0
-7
8
3
0
3
1
-4
-10
-3
2
-6
-6
8
4
4
-13
-3
7
2
-12
5
1
6
-11
6
-3
3
-12
3
-15
2
0
0
5
-2
-3
1
9
-3
-4
-9
10
4
3
9
1
-4
-2
4
13
6
1
4
8
6
0
7
8
5
8
10
1
3
9
5
4
0
3
-4
-1
-14
2
-12
-5
7
6
-2
-24
-21
-10
-3
-1
6
5
24
50
91
117
116
81
42
8
-25
-16
-28
-8
-18
21
2
8
14
21
17
33
18
34
36
35
25
37
27
34
25
27
23
16
13
7
10
-1
2
1
-1
-2
-3
4
9
7
-8
1
2
-5
-1
4
-6
0
6
-1
6
3
-4
9
1
-8
-5
-6
-14
-1
1
3
3
3
-5
-7
2
-4
1
-4
-1
7
-4
-15
-2
1
7
-2
0
3
4
7
-5
3
-4
1
8
-3
9
0
-4
4
-6
-3
-2
-5
4
6
-4
5
-6
3
-5
-5
6
-2
-7
0
-6
-11
-2
-11
-1
-15
-5
-2
-2
1
-7
1
1
-4
22
7
6
0
-11
-5
-3
3
-2
6
11
7
3
13
15
3
18
8
2
2
9
2
0
-4
2
-6
1
21
0
-4
5
-6
-11
-16
-19
-13
-4
-1
-6
0
6
24
69
117
119
103
63
31
-2
-22
-26
-29
-6
0
-3
7
12
16
17
29
30
24
26
41
41
31
28
30
28
25
30
26
9
15
13
11
8
5
0
-3
2
4
4
-9
-3
3
0
-2
-1
-5
7
-2
-7
1
-6
1
-1
5
-8
-1
1
-5
0
3
-7
3
8
0
-11
-2
10
-5
6
-2
-5
0
-2
5
-2
-9
-3
-7
10
4
3
6
0
-2
-13
8
-3
3
0
3
-1
-4
4
9
-8
10
12
5
6
-5
5
2
8
7
0
4
4
-5
5
-1
0
6
3
8
-4
-3
